{
 "cells": [
  {
   "cell_type": "code",
   "execution_count": 1,
   "metadata": {
    "colab": {
     "base_uri": "https://localhost:8080/"
    },
    "id": "JosKSdZaSi1b",
    "outputId": "9f5fc7b2-97eb-4f52-a16b-fc2d7ed89590"
   },
   "outputs": [
    {
     "name": "stderr",
     "output_type": "stream",
     "text": [
      "Installing package into ‘/usr/local/lib/R/site-library’\n",
      "(as ‘lib’ is unspecified)\n",
      "\n",
      "Installing package into ‘/usr/local/lib/R/site-library’\n",
      "(as ‘lib’ is unspecified)\n",
      "\n",
      "Installing package into ‘/usr/local/lib/R/site-library’\n",
      "(as ‘lib’ is unspecified)\n",
      "\n",
      "\n",
      "Attaching package: ‘nclSLR’\n",
      "\n",
      "\n",
      "The following object is masked from ‘package:datasets’:\n",
      "\n",
      "    USArrests\n",
      "\n",
      "\n"
     ]
    }
   ],
   "source": [
    "# installing and loading required packages\n",
    "if(!(\"plyr\" %in% rownames(installed.packages()) && \"nclSLR\" %in% rownames(installed.packages()) && \"mlbench\" %in% rownames(installed.packages()))){\n",
    "  install.packages(\"plyr\")\n",
    "  install.packages(\"nclSLR\", repos=\"http://R-Forge.R-project.org\")\n",
    "  install.packages(\"mlbench\")\n",
    "}\n",
    "\n",
    "library(plyr)\n",
    "library(nclSLR)\n",
    "library(mlbench)"
   ]
  },
  {
   "cell_type": "code",
   "execution_count": 2,
   "metadata": {
    "colab": {
     "base_uri": "https://localhost:8080/",
     "height": 210
    },
    "id": "-APhUFEogTJ4",
    "outputId": "417ab59c-9241-4a26-bab0-21c18969ecae"
   },
   "outputs": [
    {
     "data": {
      "text/html": [
       "<style>\n",
       ".list-inline {list-style: none; margin:0; padding: 0}\n",
       ".list-inline>li {display: inline-block}\n",
       ".list-inline>li:not(:last-child)::after {content: \"\\00b7\"; padding: 0 .5ex}\n",
       "</style>\n",
       "<ol class=list-inline><li>699</li><li>11</li></ol>\n"
      ],
      "text/latex": [
       "\\begin{enumerate*}\n",
       "\\item 699\n",
       "\\item 11\n",
       "\\end{enumerate*}\n"
      ],
      "text/markdown": [
       "1. 699\n",
       "2. 11\n",
       "\n",
       "\n"
      ],
      "text/plain": [
       "[1] 699  11"
      ]
     },
     "metadata": {},
     "output_type": "display_data"
    },
    {
     "data": {
      "text/html": [
       "<table class=\"dataframe\">\n",
       "<caption>A data.frame: 3 × 11</caption>\n",
       "<thead>\n",
       "\t<tr><th></th><th scope=col>Id</th><th scope=col>Cl.thickness</th><th scope=col>Cell.size</th><th scope=col>Cell.shape</th><th scope=col>Marg.adhesion</th><th scope=col>Epith.c.size</th><th scope=col>Bare.nuclei</th><th scope=col>Bl.cromatin</th><th scope=col>Normal.nucleoli</th><th scope=col>Mitoses</th><th scope=col>Class</th></tr>\n",
       "\t<tr><th></th><th scope=col>&lt;chr&gt;</th><th scope=col>&lt;ord&gt;</th><th scope=col>&lt;ord&gt;</th><th scope=col>&lt;ord&gt;</th><th scope=col>&lt;ord&gt;</th><th scope=col>&lt;ord&gt;</th><th scope=col>&lt;fct&gt;</th><th scope=col>&lt;fct&gt;</th><th scope=col>&lt;fct&gt;</th><th scope=col>&lt;fct&gt;</th><th scope=col>&lt;fct&gt;</th></tr>\n",
       "</thead>\n",
       "<tbody>\n",
       "\t<tr><th scope=row>1</th><td>1000025</td><td>5</td><td>1</td><td>1</td><td>1</td><td>2</td><td>1 </td><td>3</td><td>1</td><td>1</td><td>benign</td></tr>\n",
       "\t<tr><th scope=row>2</th><td>1002945</td><td>5</td><td>4</td><td>4</td><td>5</td><td>7</td><td>10</td><td>3</td><td>2</td><td>1</td><td>benign</td></tr>\n",
       "\t<tr><th scope=row>3</th><td>1015425</td><td>3</td><td>1</td><td>1</td><td>1</td><td>2</td><td>2 </td><td>3</td><td>1</td><td>1</td><td>benign</td></tr>\n",
       "</tbody>\n",
       "</table>\n"
      ],
      "text/latex": [
       "A data.frame: 3 × 11\n",
       "\\begin{tabular}{r|lllllllllll}\n",
       "  & Id & Cl.thickness & Cell.size & Cell.shape & Marg.adhesion & Epith.c.size & Bare.nuclei & Bl.cromatin & Normal.nucleoli & Mitoses & Class\\\\\n",
       "  & <chr> & <ord> & <ord> & <ord> & <ord> & <ord> & <fct> & <fct> & <fct> & <fct> & <fct>\\\\\n",
       "\\hline\n",
       "\t1 & 1000025 & 5 & 1 & 1 & 1 & 2 & 1  & 3 & 1 & 1 & benign\\\\\n",
       "\t2 & 1002945 & 5 & 4 & 4 & 5 & 7 & 10 & 3 & 2 & 1 & benign\\\\\n",
       "\t3 & 1015425 & 3 & 1 & 1 & 1 & 2 & 2  & 3 & 1 & 1 & benign\\\\\n",
       "\\end{tabular}\n"
      ],
      "text/markdown": [
       "\n",
       "A data.frame: 3 × 11\n",
       "\n",
       "| <!--/--> | Id &lt;chr&gt; | Cl.thickness &lt;ord&gt; | Cell.size &lt;ord&gt; | Cell.shape &lt;ord&gt; | Marg.adhesion &lt;ord&gt; | Epith.c.size &lt;ord&gt; | Bare.nuclei &lt;fct&gt; | Bl.cromatin &lt;fct&gt; | Normal.nucleoli &lt;fct&gt; | Mitoses &lt;fct&gt; | Class &lt;fct&gt; |\n",
       "|---|---|---|---|---|---|---|---|---|---|---|---|\n",
       "| 1 | 1000025 | 5 | 1 | 1 | 1 | 2 | 1  | 3 | 1 | 1 | benign |\n",
       "| 2 | 1002945 | 5 | 4 | 4 | 5 | 7 | 10 | 3 | 2 | 1 | benign |\n",
       "| 3 | 1015425 | 3 | 1 | 1 | 1 | 2 | 2  | 3 | 1 | 1 | benign |\n",
       "\n"
      ],
      "text/plain": [
       "  Id      Cl.thickness Cell.size Cell.shape Marg.adhesion Epith.c.size\n",
       "1 1000025 5            1         1          1             2           \n",
       "2 1002945 5            4         4          5             7           \n",
       "3 1015425 3            1         1          1             2           \n",
       "  Bare.nuclei Bl.cromatin Normal.nucleoli Mitoses Class \n",
       "1 1           3           1               1       benign\n",
       "2 10          3           2               1       benign\n",
       "3 2           3           1               1       benign"
      ]
     },
     "metadata": {},
     "output_type": "display_data"
    }
   ],
   "source": [
    "# Loading the BreastCancer dataset (part of mlbench package)\n",
    "data(BreastCancer)\n",
    "dim(BreastCancer)\n",
    "head(BreastCancer, 3)"
   ]
  },
  {
   "cell_type": "code",
   "execution_count": 3,
   "metadata": {
    "colab": {
     "base_uri": "https://localhost:8080/",
     "height": 69
    },
    "id": "5uYlWikagsmL",
    "outputId": "3f07b6db-83e3-4255-965a-a770ca783df0"
   },
   "outputs": [
    {
     "data": {
      "text/plain": [
       "\n",
       "   benign malignant \n",
       "      458       241 "
      ]
     },
     "metadata": {},
     "output_type": "display_data"
    }
   ],
   "source": [
    "# Number of samples for each of the two classes\n",
    "table(BreastCancer$Class)"
   ]
  },
  {
   "cell_type": "code",
   "execution_count": 4,
   "metadata": {
    "colab": {
     "base_uri": "https://localhost:8080/",
     "height": 121
    },
    "id": "5kvzQo-Vn6pw",
    "outputId": "942838cd-789d-4b70-8112-977c69c53604"
   },
   "outputs": [
    {
     "name": "stdout",
     "output_type": "stream",
     "text": [
      "The number of samples with one or more NA is =  16 \n",
      "\n",
      "The number of samples per class after removing rows with NA is ="
     ]
    },
    {
     "data": {
      "text/plain": [
       "\n",
       "   benign malignant \n",
       "      444       239 "
      ]
     },
     "metadata": {},
     "output_type": "display_data"
    }
   ],
   "source": [
    "# Checking how many rows with NA and removing them\n",
    "cat(\"The number of samples with one or more NA is = \", sum(is.na(BreastCancer)), \"\\n\\n\")\n",
    "BreastCancer_clean = na.omit(BreastCancer[2:11])\n",
    "\n",
    "# Checking smaples per class after removing samples with NA\n",
    "cat(\"The number of samples per class after removing rows with NA is =\")\n",
    "table(BreastCancer_clean$Class)"
   ]
  },
  {
   "cell_type": "code",
   "execution_count": 5,
   "metadata": {
    "colab": {
     "base_uri": "https://localhost:8080/"
    },
    "id": "qKcYCVOcLJ44",
    "outputId": "064553b7-7aa6-4c75-831f-5b5547c1e038"
   },
   "outputs": [
    {
     "name": "stdout",
     "output_type": "stream",
     "text": [
      "The number of samples in the original dataset is =  699 \n",
      "\n",
      "The number of samples the cleaned dataset is =  683"
     ]
    }
   ],
   "source": [
    "# Comparing original and new dataset\n",
    "cat(\"The number of samples in the original dataset is = \", nrow(BreastCancer), \"\\n\\n\")\n",
    "\n",
    "cat(\"The number of samples the cleaned dataset is = \", nrow(BreastCancer_clean))"
   ]
  },
  {
   "cell_type": "code",
   "execution_count": 6,
   "metadata": {
    "colab": {
     "base_uri": "https://localhost:8080/",
     "height": 286
    },
    "id": "Dv8YjRiOosTE",
    "outputId": "bade0fab-1507-4faf-8ae0-75d84f45d253"
   },
   "outputs": [
    {
     "data": {
      "text/html": [
       "<table class=\"dataframe\">\n",
       "<caption>A data.frame: 6 × 10</caption>\n",
       "<thead>\n",
       "\t<tr><th></th><th scope=col>Cl.thickness</th><th scope=col>Cell.size</th><th scope=col>Cell.shape</th><th scope=col>Marg.adhesion</th><th scope=col>Epith.c.size</th><th scope=col>Bare.nuclei</th><th scope=col>Bl.cromatin</th><th scope=col>Normal.nucleoli</th><th scope=col>Mitoses</th><th scope=col>Class</th></tr>\n",
       "\t<tr><th></th><th scope=col>&lt;ord&gt;</th><th scope=col>&lt;ord&gt;</th><th scope=col>&lt;ord&gt;</th><th scope=col>&lt;ord&gt;</th><th scope=col>&lt;ord&gt;</th><th scope=col>&lt;fct&gt;</th><th scope=col>&lt;fct&gt;</th><th scope=col>&lt;fct&gt;</th><th scope=col>&lt;fct&gt;</th><th scope=col>&lt;fct&gt;</th></tr>\n",
       "</thead>\n",
       "<tbody>\n",
       "\t<tr><th scope=row>1</th><td>5</td><td>1 </td><td>1 </td><td>1</td><td>2</td><td>1 </td><td>3</td><td>1</td><td>1</td><td>benign   </td></tr>\n",
       "\t<tr><th scope=row>2</th><td>5</td><td>4 </td><td>4 </td><td>5</td><td>7</td><td>10</td><td>3</td><td>2</td><td>1</td><td>benign   </td></tr>\n",
       "\t<tr><th scope=row>3</th><td>3</td><td>1 </td><td>1 </td><td>1</td><td>2</td><td>2 </td><td>3</td><td>1</td><td>1</td><td>benign   </td></tr>\n",
       "\t<tr><th scope=row>4</th><td>6</td><td>8 </td><td>8 </td><td>1</td><td>3</td><td>4 </td><td>3</td><td>7</td><td>1</td><td>benign   </td></tr>\n",
       "\t<tr><th scope=row>5</th><td>4</td><td>1 </td><td>1 </td><td>3</td><td>2</td><td>1 </td><td>3</td><td>1</td><td>1</td><td>benign   </td></tr>\n",
       "\t<tr><th scope=row>6</th><td>8</td><td>10</td><td>10</td><td>8</td><td>7</td><td>10</td><td>9</td><td>7</td><td>1</td><td>malignant</td></tr>\n",
       "</tbody>\n",
       "</table>\n"
      ],
      "text/latex": [
       "A data.frame: 6 × 10\n",
       "\\begin{tabular}{r|llllllllll}\n",
       "  & Cl.thickness & Cell.size & Cell.shape & Marg.adhesion & Epith.c.size & Bare.nuclei & Bl.cromatin & Normal.nucleoli & Mitoses & Class\\\\\n",
       "  & <ord> & <ord> & <ord> & <ord> & <ord> & <fct> & <fct> & <fct> & <fct> & <fct>\\\\\n",
       "\\hline\n",
       "\t1 & 5 & 1  & 1  & 1 & 2 & 1  & 3 & 1 & 1 & benign   \\\\\n",
       "\t2 & 5 & 4  & 4  & 5 & 7 & 10 & 3 & 2 & 1 & benign   \\\\\n",
       "\t3 & 3 & 1  & 1  & 1 & 2 & 2  & 3 & 1 & 1 & benign   \\\\\n",
       "\t4 & 6 & 8  & 8  & 1 & 3 & 4  & 3 & 7 & 1 & benign   \\\\\n",
       "\t5 & 4 & 1  & 1  & 3 & 2 & 1  & 3 & 1 & 1 & benign   \\\\\n",
       "\t6 & 8 & 10 & 10 & 8 & 7 & 10 & 9 & 7 & 1 & malignant\\\\\n",
       "\\end{tabular}\n"
      ],
      "text/markdown": [
       "\n",
       "A data.frame: 6 × 10\n",
       "\n",
       "| <!--/--> | Cl.thickness &lt;ord&gt; | Cell.size &lt;ord&gt; | Cell.shape &lt;ord&gt; | Marg.adhesion &lt;ord&gt; | Epith.c.size &lt;ord&gt; | Bare.nuclei &lt;fct&gt; | Bl.cromatin &lt;fct&gt; | Normal.nucleoli &lt;fct&gt; | Mitoses &lt;fct&gt; | Class &lt;fct&gt; |\n",
       "|---|---|---|---|---|---|---|---|---|---|---|\n",
       "| 1 | 5 | 1  | 1  | 1 | 2 | 1  | 3 | 1 | 1 | benign    |\n",
       "| 2 | 5 | 4  | 4  | 5 | 7 | 10 | 3 | 2 | 1 | benign    |\n",
       "| 3 | 3 | 1  | 1  | 1 | 2 | 2  | 3 | 1 | 1 | benign    |\n",
       "| 4 | 6 | 8  | 8  | 1 | 3 | 4  | 3 | 7 | 1 | benign    |\n",
       "| 5 | 4 | 1  | 1  | 3 | 2 | 1  | 3 | 1 | 1 | benign    |\n",
       "| 6 | 8 | 10 | 10 | 8 | 7 | 10 | 9 | 7 | 1 | malignant |\n",
       "\n"
      ],
      "text/plain": [
       "  Cl.thickness Cell.size Cell.shape Marg.adhesion Epith.c.size Bare.nuclei\n",
       "1 5            1         1          1             2            1          \n",
       "2 5            4         4          5             7            10         \n",
       "3 3            1         1          1             2            2          \n",
       "4 6            8         8          1             3            4          \n",
       "5 4            1         1          3             2            1          \n",
       "6 8            10        10         8             7            10         \n",
       "  Bl.cromatin Normal.nucleoli Mitoses Class    \n",
       "1 3           1               1       benign   \n",
       "2 3           2               1       benign   \n",
       "3 3           1               1       benign   \n",
       "4 3           7               1       benign   \n",
       "5 3           1               1       benign   \n",
       "6 9           7               1       malignant"
      ]
     },
     "metadata": {},
     "output_type": "display_data"
    }
   ],
   "source": [
    "head(BreastCancer_clean)"
   ]
  },
  {
   "cell_type": "code",
   "execution_count": 7,
   "metadata": {
    "id": "K_VuS8LDRDX2"
   },
   "outputs": [],
   "source": [
    "# Converting data points from factors to quantitative variables\n",
    "for(i in 1:10){\n",
    "  BreastCancer_clean[, i] = as.numeric(BreastCancer_clean[, i])\n",
    "}\n",
    "\n",
    "# Adopting standard 0/1 form for the labels\n",
    "BreastCancer_clean[, 10] = BreastCancer_clean[, 10] - 1"
   ]
  },
  {
   "cell_type": "code",
   "execution_count": 8,
   "metadata": {
    "colab": {
     "base_uri": "https://localhost:8080/",
     "height": 286
    },
    "id": "SaKH7ZIeRDb_",
    "outputId": "5427d694-26ff-41fe-dffb-c47d2176b749"
   },
   "outputs": [
    {
     "data": {
      "text/html": [
       "<table class=\"dataframe\">\n",
       "<caption>A data.frame: 6 × 10</caption>\n",
       "<thead>\n",
       "\t<tr><th></th><th scope=col>Cl.thickness</th><th scope=col>Cell.size</th><th scope=col>Cell.shape</th><th scope=col>Marg.adhesion</th><th scope=col>Epith.c.size</th><th scope=col>Bare.nuclei</th><th scope=col>Bl.cromatin</th><th scope=col>Normal.nucleoli</th><th scope=col>Mitoses</th><th scope=col>Class</th></tr>\n",
       "\t<tr><th></th><th scope=col>&lt;dbl&gt;</th><th scope=col>&lt;dbl&gt;</th><th scope=col>&lt;dbl&gt;</th><th scope=col>&lt;dbl&gt;</th><th scope=col>&lt;dbl&gt;</th><th scope=col>&lt;dbl&gt;</th><th scope=col>&lt;dbl&gt;</th><th scope=col>&lt;dbl&gt;</th><th scope=col>&lt;dbl&gt;</th><th scope=col>&lt;dbl&gt;</th></tr>\n",
       "</thead>\n",
       "<tbody>\n",
       "\t<tr><th scope=row>1</th><td>5</td><td> 1</td><td> 1</td><td>1</td><td>2</td><td> 1</td><td>3</td><td>1</td><td>1</td><td>0</td></tr>\n",
       "\t<tr><th scope=row>2</th><td>5</td><td> 4</td><td> 4</td><td>5</td><td>7</td><td>10</td><td>3</td><td>2</td><td>1</td><td>0</td></tr>\n",
       "\t<tr><th scope=row>3</th><td>3</td><td> 1</td><td> 1</td><td>1</td><td>2</td><td> 2</td><td>3</td><td>1</td><td>1</td><td>0</td></tr>\n",
       "\t<tr><th scope=row>4</th><td>6</td><td> 8</td><td> 8</td><td>1</td><td>3</td><td> 4</td><td>3</td><td>7</td><td>1</td><td>0</td></tr>\n",
       "\t<tr><th scope=row>5</th><td>4</td><td> 1</td><td> 1</td><td>3</td><td>2</td><td> 1</td><td>3</td><td>1</td><td>1</td><td>0</td></tr>\n",
       "\t<tr><th scope=row>6</th><td>8</td><td>10</td><td>10</td><td>8</td><td>7</td><td>10</td><td>9</td><td>7</td><td>1</td><td>1</td></tr>\n",
       "</tbody>\n",
       "</table>\n"
      ],
      "text/latex": [
       "A data.frame: 6 × 10\n",
       "\\begin{tabular}{r|llllllllll}\n",
       "  & Cl.thickness & Cell.size & Cell.shape & Marg.adhesion & Epith.c.size & Bare.nuclei & Bl.cromatin & Normal.nucleoli & Mitoses & Class\\\\\n",
       "  & <dbl> & <dbl> & <dbl> & <dbl> & <dbl> & <dbl> & <dbl> & <dbl> & <dbl> & <dbl>\\\\\n",
       "\\hline\n",
       "\t1 & 5 &  1 &  1 & 1 & 2 &  1 & 3 & 1 & 1 & 0\\\\\n",
       "\t2 & 5 &  4 &  4 & 5 & 7 & 10 & 3 & 2 & 1 & 0\\\\\n",
       "\t3 & 3 &  1 &  1 & 1 & 2 &  2 & 3 & 1 & 1 & 0\\\\\n",
       "\t4 & 6 &  8 &  8 & 1 & 3 &  4 & 3 & 7 & 1 & 0\\\\\n",
       "\t5 & 4 &  1 &  1 & 3 & 2 &  1 & 3 & 1 & 1 & 0\\\\\n",
       "\t6 & 8 & 10 & 10 & 8 & 7 & 10 & 9 & 7 & 1 & 1\\\\\n",
       "\\end{tabular}\n"
      ],
      "text/markdown": [
       "\n",
       "A data.frame: 6 × 10\n",
       "\n",
       "| <!--/--> | Cl.thickness &lt;dbl&gt; | Cell.size &lt;dbl&gt; | Cell.shape &lt;dbl&gt; | Marg.adhesion &lt;dbl&gt; | Epith.c.size &lt;dbl&gt; | Bare.nuclei &lt;dbl&gt; | Bl.cromatin &lt;dbl&gt; | Normal.nucleoli &lt;dbl&gt; | Mitoses &lt;dbl&gt; | Class &lt;dbl&gt; |\n",
       "|---|---|---|---|---|---|---|---|---|---|---|\n",
       "| 1 | 5 |  1 |  1 | 1 | 2 |  1 | 3 | 1 | 1 | 0 |\n",
       "| 2 | 5 |  4 |  4 | 5 | 7 | 10 | 3 | 2 | 1 | 0 |\n",
       "| 3 | 3 |  1 |  1 | 1 | 2 |  2 | 3 | 1 | 1 | 0 |\n",
       "| 4 | 6 |  8 |  8 | 1 | 3 |  4 | 3 | 7 | 1 | 0 |\n",
       "| 5 | 4 |  1 |  1 | 3 | 2 |  1 | 3 | 1 | 1 | 0 |\n",
       "| 6 | 8 | 10 | 10 | 8 | 7 | 10 | 9 | 7 | 1 | 1 |\n",
       "\n"
      ],
      "text/plain": [
       "  Cl.thickness Cell.size Cell.shape Marg.adhesion Epith.c.size Bare.nuclei\n",
       "1 5             1         1         1             2             1         \n",
       "2 5             4         4         5             7            10         \n",
       "3 3             1         1         1             2             2         \n",
       "4 6             8         8         1             3             4         \n",
       "5 4             1         1         3             2             1         \n",
       "6 8            10        10         8             7            10         \n",
       "  Bl.cromatin Normal.nucleoli Mitoses Class\n",
       "1 3           1               1       0    \n",
       "2 3           2               1       0    \n",
       "3 3           1               1       0    \n",
       "4 3           7               1       0    \n",
       "5 3           1               1       0    \n",
       "6 9           7               1       1    "
      ]
     },
     "metadata": {},
     "output_type": "display_data"
    }
   ],
   "source": [
    "# Checking the first 3 rows\n",
    "head(BreastCancer_clean)"
   ]
  },
  {
   "cell_type": "markdown",
   "metadata": {
    "id": "BNkJU9-uVYVW"
   },
   "source": [
    "# Exploratory Data Analysis"
   ]
  },
  {
   "cell_type": "markdown",
   "metadata": {
    "id": "hUJLVerHVv7k"
   },
   "source": [
    "## Numerical Summaries"
   ]
  },
  {
   "cell_type": "code",
   "execution_count": 9,
   "metadata": {
    "colab": {
     "base_uri": "https://localhost:8080/",
     "height": 382
    },
    "id": "eZvBhC7oRDgZ",
    "outputId": "208d3061-a4ec-4798-812e-69e5248ace52"
   },
   "outputs": [
    {
     "data": {
      "text/plain": [
       "  Cl.thickness      Cell.size        Cell.shape     Marg.adhesion  \n",
       " Min.   : 1.000   Min.   : 1.000   Min.   : 1.000   Min.   : 1.00  \n",
       " 1st Qu.: 2.000   1st Qu.: 1.000   1st Qu.: 1.000   1st Qu.: 1.00  \n",
       " Median : 4.000   Median : 1.000   Median : 1.000   Median : 1.00  \n",
       " Mean   : 4.442   Mean   : 3.151   Mean   : 3.215   Mean   : 2.83  \n",
       " 3rd Qu.: 6.000   3rd Qu.: 5.000   3rd Qu.: 5.000   3rd Qu.: 4.00  \n",
       " Max.   :10.000   Max.   :10.000   Max.   :10.000   Max.   :10.00  \n",
       "  Epith.c.size     Bare.nuclei      Bl.cromatin     Normal.nucleoli\n",
       " Min.   : 1.000   Min.   : 1.000   Min.   : 1.000   Min.   : 1.00  \n",
       " 1st Qu.: 2.000   1st Qu.: 1.000   1st Qu.: 2.000   1st Qu.: 1.00  \n",
       " Median : 2.000   Median : 1.000   Median : 3.000   Median : 1.00  \n",
       " Mean   : 3.234   Mean   : 3.545   Mean   : 3.445   Mean   : 2.87  \n",
       " 3rd Qu.: 4.000   3rd Qu.: 6.000   3rd Qu.: 5.000   3rd Qu.: 4.00  \n",
       " Max.   :10.000   Max.   :10.000   Max.   :10.000   Max.   :10.00  \n",
       "    Mitoses          Class       \n",
       " Min.   :1.000   Min.   :0.0000  \n",
       " 1st Qu.:1.000   1st Qu.:0.0000  \n",
       " Median :1.000   Median :0.0000  \n",
       " Mean   :1.583   Mean   :0.3499  \n",
       " 3rd Qu.:1.000   3rd Qu.:1.0000  \n",
       " Max.   :9.000   Max.   :1.0000  "
      ]
     },
     "metadata": {},
     "output_type": "display_data"
    }
   ],
   "source": [
    "# Numerical summary of the data\n",
    "summary(BreastCancer_clean)"
   ]
  },
  {
   "cell_type": "code",
   "execution_count": 10,
   "metadata": {
    "colab": {
     "base_uri": "https://localhost:8080/"
    },
    "id": "v8oEf4g8laa8",
    "outputId": "e71a68d9-fb50-49b2-dfec-5d30eeaeb3df"
   },
   "outputs": [
    {
     "name": "stdout",
     "output_type": "stream",
     "text": [
      "[1] \"Cl.thickness\"\n",
      "\n",
      "  1   2   3   4   5   6   7   8   9  10 \n",
      "139  50 104  79 128  33  23  44  14  69 \n",
      "[1] \"Cell.size\"\n",
      "\n",
      "  1   2   3   4   5   6   7   8   9  10 \n",
      "373  45  52  38  30  25  19  28   6  67 \n",
      "[1] \"Cell.shape\"\n",
      "\n",
      "  1   2   3   4   5   6   7   8   9  10 \n",
      "346  58  53  43  32  29  30  27   7  58 \n",
      "[1] \"Marg.adhesion\"\n",
      "\n",
      "  1   2   3   4   5   6   7   8   9  10 \n",
      "393  58  58  33  23  21  13  25   4  55 \n",
      "[1] \"Epith.c.size\"\n",
      "\n",
      "  1   2   3   4   5   6   7   8   9  10 \n",
      " 44 376  71  48  39  40  11  21   2  31 \n",
      "[1] \"Bare.nuclei\"\n",
      "\n",
      "  1   2   3   4   5   6   7   8   9  10 \n",
      "402  30  28  19  30   4   8  21   9 132 \n",
      "[1] \"Bl.cromatin\"\n",
      "\n",
      "  1   2   3   4   5   6   7   8   9  10 \n",
      "150 160 161  39  34   9  71  28  11  20 \n",
      "[1] \"Normal.nucleoli\"\n",
      "\n",
      "  1   2   3   4   5   6   7   8   9  10 \n",
      "432  36  42  18  19  22  16  23  15  60 \n",
      "[1] \"Mitoses\"\n",
      "\n",
      "  1   2   3   4   5   6   7   8   9 \n",
      "563  35  33  12   6   3   9   8  14 \n"
     ]
    }
   ],
   "source": [
    "pred = colnames(BreastCancer_clean)\n",
    "for(j in 1:9){\n",
    "  print(pred[j])\n",
    "  print(table(BreastCancer_clean[,j]))\n",
    "}"
   ]
  },
  {
   "cell_type": "code",
   "execution_count": 11,
   "metadata": {
    "colab": {
     "base_uri": "https://localhost:8080/",
     "height": 380
    },
    "id": "YeQnOigDlQCx",
    "outputId": "e19e50f7-3e0a-4975-e7ea-96818791456e"
   },
   "outputs": [
    {
     "data": {
      "text/html": [
       "<table class=\"dataframe\">\n",
       "<caption>A matrix: 10 × 10 of type dbl</caption>\n",
       "<thead>\n",
       "\t<tr><th></th><th scope=col>Cl.thickness</th><th scope=col>Cell.size</th><th scope=col>Cell.shape</th><th scope=col>Marg.adhesion</th><th scope=col>Epith.c.size</th><th scope=col>Bare.nuclei</th><th scope=col>Bl.cromatin</th><th scope=col>Normal.nucleoli</th><th scope=col>Mitoses</th><th scope=col>Class</th></tr>\n",
       "</thead>\n",
       "<tbody>\n",
       "\t<tr><th scope=row>Cl.thickness</th><td>7.9566944</td><td>5.554922</td><td>5.508800</td><td>3.9417762</td><td>3.283363</td><td> 6.096061</td><td>3.8263655</td><td>4.598758</td><td>1.6363894</td><td>0.9623491</td></tr>\n",
       "\t<tr><th scope=row>Cell.size</th><td>5.5549220</td><td>9.395113</td><td>8.310604</td><td>6.2074683</td><td>5.134708</td><td> 7.725660</td><td>5.6732481</td><td>6.730824</td><td>2.3342808</td><td>1.2008175</td></tr>\n",
       "\t<tr><th scope=row>Cell.shape</th><td>5.5087998</td><td>8.310604</td><td>8.931615</td><td>5.8723846</td><td>4.799947</td><td> 7.774099</td><td>5.3835352</td><td>6.550081</td><td>2.1852488</td><td>1.1723765</td></tr>\n",
       "\t<tr><th scope=row>Marg.adhesion</th><td>3.9417762</td><td>6.207468</td><td>5.872385</td><td>8.2057165</td><td>3.786179</td><td> 7.000264</td><td>4.6915411</td><td>5.274024</td><td>1.9920761</td><td>0.9656767</td></tr>\n",
       "\t<tr><th scope=row>Epith.c.size</th><td>3.2833626</td><td>5.134708</td><td>4.799947</td><td>3.7861792</td><td>4.942109</td><td> 4.744656</td><td>3.3662533</td><td>4.268107</td><td>1.7503875</td><td>0.7331550</td></tr>\n",
       "\t<tr><th scope=row>Bare.nuclei</th><td>6.0960615</td><td>7.725660</td><td>7.774099</td><td>7.0002641</td><td>4.744656</td><td>13.277695</td><td>6.0754026</td><td>6.499229</td><td>2.0809779</td><td>1.4308317</td></tr>\n",
       "\t<tr><th scope=row>Bl.cromatin</th><td>3.8263655</td><td>5.673248</td><td>5.383535</td><td>4.6915411</td><td>3.366253</td><td> 6.075403</td><td>6.0010133</td><td>4.977439</td><td>1.4176717</td><td>0.8865429</td></tr>\n",
       "\t<tr><th scope=row>Normal.nucleoli</th><td>4.5987579</td><td>6.730824</td><td>6.550081</td><td>5.2740239</td><td>4.268107</td><td> 6.499229</td><td>4.9774391</td><td>9.318772</td><td>2.1830827</td><td>1.0471312</td></tr>\n",
       "\t<tr><th scope=row>Mitoses</th><td>1.6363894</td><td>2.334281</td><td>2.185249</td><td>1.9920761</td><td>1.750388</td><td> 2.080978</td><td>1.4176717</td><td>2.183083</td><td>2.6775310</td><td>0.3368462</td></tr>\n",
       "\t<tr><th scope=row>Class</th><td>0.9623491</td><td>1.200818</td><td>1.172376</td><td>0.9656767</td><td>0.733155</td><td> 1.430832</td><td>0.8865429</td><td>1.047131</td><td>0.3368462</td><td>0.2278116</td></tr>\n",
       "</tbody>\n",
       "</table>\n"
      ],
      "text/latex": [
       "A matrix: 10 × 10 of type dbl\n",
       "\\begin{tabular}{r|llllllllll}\n",
       "  & Cl.thickness & Cell.size & Cell.shape & Marg.adhesion & Epith.c.size & Bare.nuclei & Bl.cromatin & Normal.nucleoli & Mitoses & Class\\\\\n",
       "\\hline\n",
       "\tCl.thickness & 7.9566944 & 5.554922 & 5.508800 & 3.9417762 & 3.283363 &  6.096061 & 3.8263655 & 4.598758 & 1.6363894 & 0.9623491\\\\\n",
       "\tCell.size & 5.5549220 & 9.395113 & 8.310604 & 6.2074683 & 5.134708 &  7.725660 & 5.6732481 & 6.730824 & 2.3342808 & 1.2008175\\\\\n",
       "\tCell.shape & 5.5087998 & 8.310604 & 8.931615 & 5.8723846 & 4.799947 &  7.774099 & 5.3835352 & 6.550081 & 2.1852488 & 1.1723765\\\\\n",
       "\tMarg.adhesion & 3.9417762 & 6.207468 & 5.872385 & 8.2057165 & 3.786179 &  7.000264 & 4.6915411 & 5.274024 & 1.9920761 & 0.9656767\\\\\n",
       "\tEpith.c.size & 3.2833626 & 5.134708 & 4.799947 & 3.7861792 & 4.942109 &  4.744656 & 3.3662533 & 4.268107 & 1.7503875 & 0.7331550\\\\\n",
       "\tBare.nuclei & 6.0960615 & 7.725660 & 7.774099 & 7.0002641 & 4.744656 & 13.277695 & 6.0754026 & 6.499229 & 2.0809779 & 1.4308317\\\\\n",
       "\tBl.cromatin & 3.8263655 & 5.673248 & 5.383535 & 4.6915411 & 3.366253 &  6.075403 & 6.0010133 & 4.977439 & 1.4176717 & 0.8865429\\\\\n",
       "\tNormal.nucleoli & 4.5987579 & 6.730824 & 6.550081 & 5.2740239 & 4.268107 &  6.499229 & 4.9774391 & 9.318772 & 2.1830827 & 1.0471312\\\\\n",
       "\tMitoses & 1.6363894 & 2.334281 & 2.185249 & 1.9920761 & 1.750388 &  2.080978 & 1.4176717 & 2.183083 & 2.6775310 & 0.3368462\\\\\n",
       "\tClass & 0.9623491 & 1.200818 & 1.172376 & 0.9656767 & 0.733155 &  1.430832 & 0.8865429 & 1.047131 & 0.3368462 & 0.2278116\\\\\n",
       "\\end{tabular}\n"
      ],
      "text/markdown": [
       "\n",
       "A matrix: 10 × 10 of type dbl\n",
       "\n",
       "| <!--/--> | Cl.thickness | Cell.size | Cell.shape | Marg.adhesion | Epith.c.size | Bare.nuclei | Bl.cromatin | Normal.nucleoli | Mitoses | Class |\n",
       "|---|---|---|---|---|---|---|---|---|---|---|\n",
       "| Cl.thickness | 7.9566944 | 5.554922 | 5.508800 | 3.9417762 | 3.283363 |  6.096061 | 3.8263655 | 4.598758 | 1.6363894 | 0.9623491 |\n",
       "| Cell.size | 5.5549220 | 9.395113 | 8.310604 | 6.2074683 | 5.134708 |  7.725660 | 5.6732481 | 6.730824 | 2.3342808 | 1.2008175 |\n",
       "| Cell.shape | 5.5087998 | 8.310604 | 8.931615 | 5.8723846 | 4.799947 |  7.774099 | 5.3835352 | 6.550081 | 2.1852488 | 1.1723765 |\n",
       "| Marg.adhesion | 3.9417762 | 6.207468 | 5.872385 | 8.2057165 | 3.786179 |  7.000264 | 4.6915411 | 5.274024 | 1.9920761 | 0.9656767 |\n",
       "| Epith.c.size | 3.2833626 | 5.134708 | 4.799947 | 3.7861792 | 4.942109 |  4.744656 | 3.3662533 | 4.268107 | 1.7503875 | 0.7331550 |\n",
       "| Bare.nuclei | 6.0960615 | 7.725660 | 7.774099 | 7.0002641 | 4.744656 | 13.277695 | 6.0754026 | 6.499229 | 2.0809779 | 1.4308317 |\n",
       "| Bl.cromatin | 3.8263655 | 5.673248 | 5.383535 | 4.6915411 | 3.366253 |  6.075403 | 6.0010133 | 4.977439 | 1.4176717 | 0.8865429 |\n",
       "| Normal.nucleoli | 4.5987579 | 6.730824 | 6.550081 | 5.2740239 | 4.268107 |  6.499229 | 4.9774391 | 9.318772 | 2.1830827 | 1.0471312 |\n",
       "| Mitoses | 1.6363894 | 2.334281 | 2.185249 | 1.9920761 | 1.750388 |  2.080978 | 1.4176717 | 2.183083 | 2.6775310 | 0.3368462 |\n",
       "| Class | 0.9623491 | 1.200818 | 1.172376 | 0.9656767 | 0.733155 |  1.430832 | 0.8865429 | 1.047131 | 0.3368462 | 0.2278116 |\n",
       "\n"
      ],
      "text/plain": [
       "                Cl.thickness Cell.size Cell.shape Marg.adhesion Epith.c.size\n",
       "Cl.thickness    7.9566944    5.554922  5.508800   3.9417762     3.283363    \n",
       "Cell.size       5.5549220    9.395113  8.310604   6.2074683     5.134708    \n",
       "Cell.shape      5.5087998    8.310604  8.931615   5.8723846     4.799947    \n",
       "Marg.adhesion   3.9417762    6.207468  5.872385   8.2057165     3.786179    \n",
       "Epith.c.size    3.2833626    5.134708  4.799947   3.7861792     4.942109    \n",
       "Bare.nuclei     6.0960615    7.725660  7.774099   7.0002641     4.744656    \n",
       "Bl.cromatin     3.8263655    5.673248  5.383535   4.6915411     3.366253    \n",
       "Normal.nucleoli 4.5987579    6.730824  6.550081   5.2740239     4.268107    \n",
       "Mitoses         1.6363894    2.334281  2.185249   1.9920761     1.750388    \n",
       "Class           0.9623491    1.200818  1.172376   0.9656767     0.733155    \n",
       "                Bare.nuclei Bl.cromatin Normal.nucleoli Mitoses   Class    \n",
       "Cl.thickness     6.096061   3.8263655   4.598758        1.6363894 0.9623491\n",
       "Cell.size        7.725660   5.6732481   6.730824        2.3342808 1.2008175\n",
       "Cell.shape       7.774099   5.3835352   6.550081        2.1852488 1.1723765\n",
       "Marg.adhesion    7.000264   4.6915411   5.274024        1.9920761 0.9656767\n",
       "Epith.c.size     4.744656   3.3662533   4.268107        1.7503875 0.7331550\n",
       "Bare.nuclei     13.277695   6.0754026   6.499229        2.0809779 1.4308317\n",
       "Bl.cromatin      6.075403   6.0010133   4.977439        1.4176717 0.8865429\n",
       "Normal.nucleoli  6.499229   4.9774391   9.318772        2.1830827 1.0471312\n",
       "Mitoses          2.080978   1.4176717   2.183083        2.6775310 0.3368462\n",
       "Class            1.430832   0.8865429   1.047131        0.3368462 0.2278116"
      ]
     },
     "metadata": {},
     "output_type": "display_data"
    }
   ],
   "source": [
    "cov(BreastCancer_clean)"
   ]
  },
  {
   "cell_type": "code",
   "execution_count": 12,
   "metadata": {
    "colab": {
     "base_uri": "https://localhost:8080/",
     "height": 380
    },
    "id": "JEY3xg_jn79V",
    "outputId": "d7564a77-5ac0-480d-b162-d3f345efcece"
   },
   "outputs": [
    {
     "data": {
      "text/html": [
       "<table class=\"dataframe\">\n",
       "<caption>A matrix: 10 × 10 of type dbl</caption>\n",
       "<thead>\n",
       "\t<tr><th></th><th scope=col>Cl.thickness</th><th scope=col>Cell.size</th><th scope=col>Cell.shape</th><th scope=col>Marg.adhesion</th><th scope=col>Epith.c.size</th><th scope=col>Bare.nuclei</th><th scope=col>Bl.cromatin</th><th scope=col>Normal.nucleoli</th><th scope=col>Mitoses</th><th scope=col>Class</th></tr>\n",
       "</thead>\n",
       "<tbody>\n",
       "\t<tr><th scope=row>Cl.thickness</th><td>1.0000000</td><td>0.6424815</td><td>0.6534700</td><td>0.4878287</td><td>0.5235960</td><td>0.5930914</td><td>0.5537424</td><td>0.5340659</td><td>0.3545301</td><td>0.7147899</td></tr>\n",
       "\t<tr><th scope=row>Cell.size</th><td>0.6424815</td><td>1.0000000</td><td>0.9072282</td><td>0.7069770</td><td>0.7535440</td><td>0.6917088</td><td>0.7555592</td><td>0.7193460</td><td>0.4654091</td><td>0.8208014</td></tr>\n",
       "\t<tr><th scope=row>Cell.shape</th><td>0.6534700</td><td>0.9072282</td><td>1.0000000</td><td>0.6859481</td><td>0.7224624</td><td>0.7138775</td><td>0.7353435</td><td>0.7179634</td><td>0.4468571</td><td>0.8218909</td></tr>\n",
       "\t<tr><th scope=row>Marg.adhesion</th><td>0.4878287</td><td>0.7069770</td><td>0.6859481</td><td>1.0000000</td><td>0.5945478</td><td>0.6706483</td><td>0.6685671</td><td>0.6031211</td><td>0.4249917</td><td>0.7062941</td></tr>\n",
       "\t<tr><th scope=row>Epith.c.size</th><td>0.5235960</td><td>0.7535440</td><td>0.7224624</td><td>0.5945478</td><td>1.0000000</td><td>0.5857161</td><td>0.6181279</td><td>0.6289264</td><td>0.4811836</td><td>0.6909582</td></tr>\n",
       "\t<tr><th scope=row>Bare.nuclei</th><td>0.5930914</td><td>0.6917088</td><td>0.7138775</td><td>0.6706483</td><td>0.5857161</td><td>1.0000000</td><td>0.6806149</td><td>0.5842802</td><td>0.3490108</td><td>0.8226959</td></tr>\n",
       "\t<tr><th scope=row>Bl.cromatin</th><td>0.5537424</td><td>0.7555592</td><td>0.7353435</td><td>0.6685671</td><td>0.6181279</td><td>0.6806149</td><td>1.0000000</td><td>0.6656015</td><td>0.3536683</td><td>0.7582276</td></tr>\n",
       "\t<tr><th scope=row>Normal.nucleoli</th><td>0.5340659</td><td>0.7193460</td><td>0.7179634</td><td>0.6031211</td><td>0.6289264</td><td>0.5842802</td><td>0.6656015</td><td>1.0000000</td><td>0.4370424</td><td>0.7186772</td></tr>\n",
       "\t<tr><th scope=row>Mitoses</th><td>0.3545301</td><td>0.4654091</td><td>0.4468571</td><td>0.4249917</td><td>0.4811836</td><td>0.3490108</td><td>0.3536683</td><td>0.4370424</td><td>1.0000000</td><td>0.4312971</td></tr>\n",
       "\t<tr><th scope=row>Class</th><td>0.7147899</td><td>0.8208014</td><td>0.8218909</td><td>0.7062941</td><td>0.6909582</td><td>0.8226959</td><td>0.7582276</td><td>0.7186772</td><td>0.4312971</td><td>1.0000000</td></tr>\n",
       "</tbody>\n",
       "</table>\n"
      ],
      "text/latex": [
       "A matrix: 10 × 10 of type dbl\n",
       "\\begin{tabular}{r|llllllllll}\n",
       "  & Cl.thickness & Cell.size & Cell.shape & Marg.adhesion & Epith.c.size & Bare.nuclei & Bl.cromatin & Normal.nucleoli & Mitoses & Class\\\\\n",
       "\\hline\n",
       "\tCl.thickness & 1.0000000 & 0.6424815 & 0.6534700 & 0.4878287 & 0.5235960 & 0.5930914 & 0.5537424 & 0.5340659 & 0.3545301 & 0.7147899\\\\\n",
       "\tCell.size & 0.6424815 & 1.0000000 & 0.9072282 & 0.7069770 & 0.7535440 & 0.6917088 & 0.7555592 & 0.7193460 & 0.4654091 & 0.8208014\\\\\n",
       "\tCell.shape & 0.6534700 & 0.9072282 & 1.0000000 & 0.6859481 & 0.7224624 & 0.7138775 & 0.7353435 & 0.7179634 & 0.4468571 & 0.8218909\\\\\n",
       "\tMarg.adhesion & 0.4878287 & 0.7069770 & 0.6859481 & 1.0000000 & 0.5945478 & 0.6706483 & 0.6685671 & 0.6031211 & 0.4249917 & 0.7062941\\\\\n",
       "\tEpith.c.size & 0.5235960 & 0.7535440 & 0.7224624 & 0.5945478 & 1.0000000 & 0.5857161 & 0.6181279 & 0.6289264 & 0.4811836 & 0.6909582\\\\\n",
       "\tBare.nuclei & 0.5930914 & 0.6917088 & 0.7138775 & 0.6706483 & 0.5857161 & 1.0000000 & 0.6806149 & 0.5842802 & 0.3490108 & 0.8226959\\\\\n",
       "\tBl.cromatin & 0.5537424 & 0.7555592 & 0.7353435 & 0.6685671 & 0.6181279 & 0.6806149 & 1.0000000 & 0.6656015 & 0.3536683 & 0.7582276\\\\\n",
       "\tNormal.nucleoli & 0.5340659 & 0.7193460 & 0.7179634 & 0.6031211 & 0.6289264 & 0.5842802 & 0.6656015 & 1.0000000 & 0.4370424 & 0.7186772\\\\\n",
       "\tMitoses & 0.3545301 & 0.4654091 & 0.4468571 & 0.4249917 & 0.4811836 & 0.3490108 & 0.3536683 & 0.4370424 & 1.0000000 & 0.4312971\\\\\n",
       "\tClass & 0.7147899 & 0.8208014 & 0.8218909 & 0.7062941 & 0.6909582 & 0.8226959 & 0.7582276 & 0.7186772 & 0.4312971 & 1.0000000\\\\\n",
       "\\end{tabular}\n"
      ],
      "text/markdown": [
       "\n",
       "A matrix: 10 × 10 of type dbl\n",
       "\n",
       "| <!--/--> | Cl.thickness | Cell.size | Cell.shape | Marg.adhesion | Epith.c.size | Bare.nuclei | Bl.cromatin | Normal.nucleoli | Mitoses | Class |\n",
       "|---|---|---|---|---|---|---|---|---|---|---|\n",
       "| Cl.thickness | 1.0000000 | 0.6424815 | 0.6534700 | 0.4878287 | 0.5235960 | 0.5930914 | 0.5537424 | 0.5340659 | 0.3545301 | 0.7147899 |\n",
       "| Cell.size | 0.6424815 | 1.0000000 | 0.9072282 | 0.7069770 | 0.7535440 | 0.6917088 | 0.7555592 | 0.7193460 | 0.4654091 | 0.8208014 |\n",
       "| Cell.shape | 0.6534700 | 0.9072282 | 1.0000000 | 0.6859481 | 0.7224624 | 0.7138775 | 0.7353435 | 0.7179634 | 0.4468571 | 0.8218909 |\n",
       "| Marg.adhesion | 0.4878287 | 0.7069770 | 0.6859481 | 1.0000000 | 0.5945478 | 0.6706483 | 0.6685671 | 0.6031211 | 0.4249917 | 0.7062941 |\n",
       "| Epith.c.size | 0.5235960 | 0.7535440 | 0.7224624 | 0.5945478 | 1.0000000 | 0.5857161 | 0.6181279 | 0.6289264 | 0.4811836 | 0.6909582 |\n",
       "| Bare.nuclei | 0.5930914 | 0.6917088 | 0.7138775 | 0.6706483 | 0.5857161 | 1.0000000 | 0.6806149 | 0.5842802 | 0.3490108 | 0.8226959 |\n",
       "| Bl.cromatin | 0.5537424 | 0.7555592 | 0.7353435 | 0.6685671 | 0.6181279 | 0.6806149 | 1.0000000 | 0.6656015 | 0.3536683 | 0.7582276 |\n",
       "| Normal.nucleoli | 0.5340659 | 0.7193460 | 0.7179634 | 0.6031211 | 0.6289264 | 0.5842802 | 0.6656015 | 1.0000000 | 0.4370424 | 0.7186772 |\n",
       "| Mitoses | 0.3545301 | 0.4654091 | 0.4468571 | 0.4249917 | 0.4811836 | 0.3490108 | 0.3536683 | 0.4370424 | 1.0000000 | 0.4312971 |\n",
       "| Class | 0.7147899 | 0.8208014 | 0.8218909 | 0.7062941 | 0.6909582 | 0.8226959 | 0.7582276 | 0.7186772 | 0.4312971 | 1.0000000 |\n",
       "\n"
      ],
      "text/plain": [
       "                Cl.thickness Cell.size Cell.shape Marg.adhesion Epith.c.size\n",
       "Cl.thickness    1.0000000    0.6424815 0.6534700  0.4878287     0.5235960   \n",
       "Cell.size       0.6424815    1.0000000 0.9072282  0.7069770     0.7535440   \n",
       "Cell.shape      0.6534700    0.9072282 1.0000000  0.6859481     0.7224624   \n",
       "Marg.adhesion   0.4878287    0.7069770 0.6859481  1.0000000     0.5945478   \n",
       "Epith.c.size    0.5235960    0.7535440 0.7224624  0.5945478     1.0000000   \n",
       "Bare.nuclei     0.5930914    0.6917088 0.7138775  0.6706483     0.5857161   \n",
       "Bl.cromatin     0.5537424    0.7555592 0.7353435  0.6685671     0.6181279   \n",
       "Normal.nucleoli 0.5340659    0.7193460 0.7179634  0.6031211     0.6289264   \n",
       "Mitoses         0.3545301    0.4654091 0.4468571  0.4249917     0.4811836   \n",
       "Class           0.7147899    0.8208014 0.8218909  0.7062941     0.6909582   \n",
       "                Bare.nuclei Bl.cromatin Normal.nucleoli Mitoses   Class    \n",
       "Cl.thickness    0.5930914   0.5537424   0.5340659       0.3545301 0.7147899\n",
       "Cell.size       0.6917088   0.7555592   0.7193460       0.4654091 0.8208014\n",
       "Cell.shape      0.7138775   0.7353435   0.7179634       0.4468571 0.8218909\n",
       "Marg.adhesion   0.6706483   0.6685671   0.6031211       0.4249917 0.7062941\n",
       "Epith.c.size    0.5857161   0.6181279   0.6289264       0.4811836 0.6909582\n",
       "Bare.nuclei     1.0000000   0.6806149   0.5842802       0.3490108 0.8226959\n",
